Gene	Name	CHR	Gene_Pos_start	Gene_Pos_end	SNP	SNP_Pos	Cov	pvalue	padj
22431333	CVIRGINICANC	35780	2834337	2844338	187	2834524	68	0.56266917	0.734071306
22431333	CVIRGINICANC	35780	2834337	2844338	188	2834525	63	0.34181844	0.910356622
22431333	CVIRGINICANC	35780	2834337	2844338	344	2834681	126	0.63384351	0.734071306
22431333	CVIRGINICANC	35780	2834337	2844338	658	2834995	41	1.1127474	0.510264765
22431333	CVIRGINICANC	35780	2834337	2844338	729	2835066	95	0.13995016	1
22431333	CVIRGINICANC	35780	2834337	2844338	948	2835285	55	0.54819362	0.734071306
22431333	CVIRGINICANC	35780	2834337	2844338	950	2835287	52	0.70475153	0.718936628
22431333	CVIRGINICANC	35780	2834337	2844338	964	2835301	60	0.21663026	0.945646048
22431333	CVIRGINICANC	35780	2834337	2844338	1092	2835429	95	0.28727796	0.924938528
22431333	CVIRGINICANC	35780	2834337	2844338	1122	2835459	99	0.28260001	0.924938528
22431333	CVIRGINICANC	35780	2834337	2844338	1467	2835804	97	0.05430154	1
22431333	CVIRGINICANC	35780	2834337	2844338	1468	2835805	99	0	1
22431333	CVIRGINICANC	35780	2834337	2844338	1473	2835810	94	0.24517223	0.937759009
22431333	CVIRGINICANC	35780	2834337	2844338	1496	2835833	94	1.70371817	0.269042406
22431333	CVIRGINICANC	35780	2834337	2844338	4625	2838962	32	2.65812631	0.112058258
22431333	CVIRGINICANC	35780	2834337	2844338	4820	2839157	43	0.61984023	0.734071306
22431333	CVIRGINICANC	35780	2834337	2844338	4846	2839183	55	1.63985336	0.28978777
22431333	CVIRGINICANC	35780	2834337	2844338	4923	2839260	51	1.89038113	0.249497314
22431333	CVIRGINICANC	35780	2834337	2844338	4933	2839270	43	1.10637381	0.510264765
22431333	CVIRGINICANC	35780	2834337	2844338	5053	2839390	114	0.39652745	0.880277839
22431333	CVIRGINICANC	35780	2834337	2844338	5080	2839417	115	0.0512457	1
22431333	CVIRGINICANC	35780	2834337	2844338	5260	2839597	111	2.1870592	0.189440542
22431333	CVIRGINICANC	35780	2834337	2844338	5585	2839922	35	0.90144703	0.554111125
22431333	CVIRGINICANC	35780	2834337	2844338	5964	2840301	37	1.84741772	0.249497314
22431333	CVIRGINICANC	35780	2834337	2844338	6099	2840436	54	2.78211077	0.112058258
22431333	CVIRGINICANC	35780	2834337	2844338	6255	2840592	65	1.20835928	0.48518655
22431333	CVIRGINICANC	35780	2834337	2844338	6266	2840603	60	0.95808466	0.545730601
22431333	CVIRGINICANC	35780	2834337	2844338	6291	2840628	57	0.56607243	0.734071306
22431333	CVIRGINICANC	35780	2834337	2844338	6298	2840635	65	1.74566326	0.261721181
22431333	CVIRGINICANC	35780	2834337	2844338	6313	2840650	63	0.61318483	0.734071306
22431333	CVIRGINICANC	35780	2834337	2844338	6698	2841035	47	0	1
22431333	CVIRGINICANC	35780	2834337	2844338	6730	2841067	66	0.06458578	1
22431333	CVIRGINICANC	35780	2834337	2844338	6856	2841193	124	0.524532	0.734547821
22431333	CVIRGINICANC	35780	2834337	2844338	6897	2841234	109	0.52655749	0.734547821
22431333	CVIRGINICANC	35780	2834337	2844338	7220	2841557	86	0.5354069	0.734071306
22431333	CVIRGINICANC	35780	2834337	2844338	7247	2841584	92	0.38485358	0.894640869
22431333	CVIRGINICANC	35780	2834337	2844338	7370	2841707	94	0.11563122	1
22449286	CVIRGINICANC	35780	3397988	3407989	121	3398109	41	0.59216246	0.734071306
22449286	CVIRGINICANC	35780	3397988	3407989	184	3398172	61	0.36743156	0.899043906
22449286	CVIRGINICANC	35780	3397988	3407989	300	3398288	54	0	1
22449286	CVIRGINICANC	35780	3397988	3407989	348	3398336	49	0.08496197	1
22449286	CVIRGINICANC	35780	3397988	3407989	405	3398393	40	1.03182791	0.510264765
22449286	CVIRGINICANC	35780	3397988	3407989	468	3398456	69	0.23965146	0.937759009
22449286	CVIRGINICANC	35780	3397988	3407989	501	3398489	68	0.32039014	0.924207522
22449286	CVIRGINICANC	35780	3397988	3407989	563	3398551	53	0	1
22449286	CVIRGINICANC	35780	3397988	3407989	1914	3399902	35	0.30241265	0.924207522
22449286	CVIRGINICANC	35780	3397988	3407989	3636	3401624	46	0	1
22449286	CVIRGINICANC	35780	3397988	3407989	3709	3401697	41	0.30944152	0.924207522
22449286	CVIRGINICANC	35780	3397988	3407989	3816	3401804	28	0.20966079	0.951200936
22449286	CVIRGINICANC	35780	3397988	3407989	4189	3402177	29	0	1
22449286	CVIRGINICANC	35780	3397988	3407989	4197	3402185	32	0.10858538	1
22449286	CVIRGINICANC	35780	3397988	3407989	4291	3402279	61	0.23295178	0.937759009
22449286	CVIRGINICANC	35780	3397988	3407989	4334	3402322	60	0.06610806	1
22449286	CVIRGINICANC	35780	3397988	3407989	4388	3402376	41	0.23859692	0.937759009
22449286	CVIRGINICANC	35780	3397988	3407989	5207	3403195	33	0.29853769	0.924207522
22449286	CVIRGINICANC	35780	3397988	3407989	5215	3403203	35	0	1
22449286	CVIRGINICANC	35780	3397988	3407989	5288	3403276	46	1.28047484	0.464972739
22449286	CVIRGINICANC	35780	3397988	3407989	6131	3404119	22	0.37390178	0.898373959
22449286	CVIRGINICANC	35780	3397988	3407989	6169	3404157	31	0.22359557	0.937759009
22449286	CVIRGINICANC	35780	3397988	3407989	8051	3406039	44	0.06941014	1
22449286	CVIRGINICANC	35780	3397988	3407989	8102	3406090	22	0.47504768	0.798601325
22449286	CVIRGINICANC	35780	3397988	3407989	8209	3406197	26	0.5436465	0.734071306
22452549	CVIRGINICANC	35780	8088369	8098370	3988	8092357	86	0.11978752	1
22452549	CVIRGINICANC	35780	8088369	8098370	4052	8092421	64	0.55471467	0.734071306
22452549	CVIRGINICANC	35780	8088369	8098370	4055	8092424	57	0.56167331	0.734071306
22452549	CVIRGINICANC	35780	8088369	8098370	4572	8092941	81	0.32258319	0.924207522
22452549	CVIRGINICANC	35780	8088369	8098370	4925	8093294	24	0	1
22452549	CVIRGINICANC	35780	8088369	8098370	4939	8093308	35	0.07976833	1
22452549	CVIRGINICANC	35780	8088369	8098370	5030	8093399	51	0	1
22452549	CVIRGINICANC	35780	8088369	8098370	5158	8093527	26	0	1
22452549	CVIRGINICANC	35780	8088369	8098370	5256	8093625	50	0.24222054	0.937759009
22452549	CVIRGINICANC	35780	8088369	8098370	5257	8093626	53	0.14970352	1
22452549	CVIRGINICANC	35780	8088369	8098370	5345	8093714	44	0.88111366	0.558824284
22452549	CVIRGINICANC	35780	8088369	8098370	5349	8093718	46	0.85163808	0.585753715
22452549	CVIRGINICANC	35780	8088369	8098370	5425	8093794	60	0.22615606	0.937759009
22452549	CVIRGINICANC	35780	8088369	8098370	5531	8093900	62	0.12891271	1
22452549	CVIRGINICANC	35780	8088369	8098370	5538	8093907	62	0.12762299	1
22452549	CVIRGINICANC	35780	8088369	8098370	5583	8093952	59	0.06929567	1
22452549	CVIRGINICANC	35780	8088369	8098370	5608	8093977	67	0.89842332	0.554111125
22452549	CVIRGINICANC	35780	8088369	8098370	5640	8094009	50	0.15026444	1
22452549	CVIRGINICANC	35780	8088369	8098370	6088	8094457	105	0.83434494	0.585753715
22452549	CVIRGINICANC	35780	8088369	8098370	6302	8094671	65	0.23823382	0.937759009
22452549	CVIRGINICANC	35780	8088369	8098370	6397	8094766	84	0.54016232	0.734071306
22475569	CVIRGINICANC	35780	11058246	11068247	1790	11060036	118	1.83785874	0.249497314
22475569	CVIRGINICANC	35780	11058246	11068247	2218	11060464	85	0.56566508	0.734071306
22475569	CVIRGINICANC	35780	11058246	11068247	2355	11060601	81	0	1
22475569	CVIRGINICANC	35780	11058246	11068247	2444	11060690	81	0.7225055	0.704100249
22475569	CVIRGINICANC	35780	11058246	11068247	2832	11061078	71	0.56340894	0.734071306
22475569	CVIRGINICANC	35780	11058246	11068247	3367	11061613	65	0.34821309	0.910356622
22475569	CVIRGINICANC	35780	11058246	11068247	3797	11062043	35	1.4780107	0.35716251
22475569	CVIRGINICANC	35780	11058246	11068247	3798	11062044	33	1.79862094	0.249497314
22475569	CVIRGINICANC	35780	11058246	11068247	3799	11062045	33	1.83259275	0.249497314
22475569	CVIRGINICANC	35780	11058246	11068247	5058	11063304	135	0.65614509	0.734071306
22475569	CVIRGINICANC	35780	11058246	11068247	6132	11064378	31	0.09241364	1
22440622	CVIRGINICANC	35780	17774204	17784205	7533	17781737	22	0	1
22440622	CVIRGINICANC	35780	17774204	17784205	8483	17782687	41	0.08533325	1
22440622	CVIRGINICANC	35780	17774204	17784205	8493	17782697	32	0	1
22440622	CVIRGINICANC	35780	17774204	17784205	9074	17783278	56	0.08536877	1
22440622	CVIRGINICANC	35780	17774204	17784205	9156	17783360	31	0.091944	1
22440622	CVIRGINICANC	35780	17774204	17784205	9158	17783362	32	0.90305803	0.554111125
22477215	CVIRGINICANC	35780	23897836	23907837	4217	23902053	77	0.30753816	0.924207522
22477215	CVIRGINICANC	35780	23897836	23907837	4220	23902056	76	0.41787595	0.84716185
22477215	CVIRGINICANC	35780	23897836	23907837	4222	23902058	75	0.30194116	0.924207522
22477215	CVIRGINICANC	35780	23897836	23907837	4288	23902124	127	2.256472	0.188367909
22477215	CVIRGINICANC	35780	23897836	23907837	4293	23902129	122	0.10390968	1
22477215	CVIRGINICANC	35780	23897836	23907837	4674	23902510	179	0.34703799	0.910356622
22477215	CVIRGINICANC	35780	23897836	23907837	4676	23902512	179	0.93317209	0.553336886
22477215	CVIRGINICANC	35780	23897836	23907837	4717	23902553	155	0.09017342	1
22477215	CVIRGINICANC	35780	23897836	23907837	4912	23902748	138	0.10563901	1
22477215	CVIRGINICANC	35780	23897836	23907837	5000	23902836	113	0.94940257	0.545730601
22477215	CVIRGINICANC	35780	23897836	23907837	5221	23903057	126	0.58489562	0.734071306
22477215	CVIRGINICANC	35780	23897836	23907837	5490	23903326	155	0.19902966	0.955579312
22477215	CVIRGINICANC	35780	23897836	23907837	7514	23905350	81	1.2236541	0.48518655
22474586	CVIRGINICANC	35780	24817029	24827030	1504	24818533	60	0.13341131	1
22474586	CVIRGINICANC	35780	24817029	24827030	1515	24818544	64	0.12647882	1
22474586	CVIRGINICANC	35780	24817029	24827030	1557	24818586	89	1.8162619	0.249497314
22474586	CVIRGINICANC	35780	24817029	24827030	3813	24820842	46	1.59227761	0.28978777
22474586	CVIRGINICANC	35780	24817029	24827030	4124	24821153	21	0	1
22474586	CVIRGINICANC	35780	24817029	24827030	7506	24824535	39	1.59850722	0.28978777
22474586	CVIRGINICANC	35780	24817029	24827030	1537	24818566	74	1.08598854	0.510264765
22484654	CVIRGINICANC	35780	27742622	27752623	6382	27749004	71	0.27266578	0.924938528
22484654	CVIRGINICANC	35780	27742622	27752623	6410	27749032	91	0.25872766	0.937759009
22484654	CVIRGINICANC	35780	27742622	27752623	6471	27749093	81	0.7928845	0.632036739
22484654	CVIRGINICANC	35780	27742622	27752623	7417	27750039	25	0.2042531	0.951200936
22484654	CVIRGINICANC	35780	27742622	27752623	7420	27750042	22	0.09820954	1
22484654	CVIRGINICANC	35780	27742622	27752623	9984	27752606	35	0.34509466	0.910356622
22438566	CVIRGINICANC	35780	31451787	31461788	2101	31453888	70	0	1
22455865	CVIRGINICANC	35780	37909595	37919596	5333	37914928	54	0	1
22455865	CVIRGINICANC	35780	37909595	37919596	5539	37915134	42	0.89393544	0.554111125
22450779	CVIRGINICANC	35780	39895392	39905393	2101	39897493	61	1.01463545	0.510264765
22483345	CVIRGINICANC	35780	58669838	58679839	2530	58672368	58	0.18243127	0.983098991
22483345	CVIRGINICANC	35780	58669838	58679839	6151	58675989	70	0.07165285	1
22483345	CVIRGINICANC	35780	58669838	58679839	6352	58676190	86	0.0725988	1
22462887	CVIRGINICANC	35781	29855615	29865616	5464	29861079	48	0.57335065	0.734071306
22460685	CVIRGINICANC	35781	34647418	34657419	8543	34655961	25	0.56474113	0.734071306
22457334	CVIRGINICANC	35781	45783753	45793754	5761	45789514	23	0.09429426	1
22467005	CVIRGINICANC	35782	25511603	25521604	6673	25518276	46	0	1
22466570	CVIRGINICANC	35782	49809887	49819888	603	49810490	34	0.11674381	1
22468800	CVIRGINICANC	35782	64364686	64374687	2185	64366871	54	2.41151583	0.158177364
22468800	CVIRGINICANC	35782	64364686	64374687	4274	64368960	114	0.31547786	0.924207522
22468800	CVIRGINICANC	35782	64364686	64374687	6539	64371225	85	0.28300399	0.924938528
22464888	CVIRGINICANC	35782	71307278	71317279	1158	71308436	113	0.72163298	0.704100249
22464888	CVIRGINICANC	35782	71307278	71317279	1161	71308439	111	0.58653834	0.734071306
22478344	CVIRGINICANC	35783	271876	281877	1472	273348	44	0.36462319	0.899043906
22475409	CVIRGINICANC	35783	280607	290608	303	280910	40	0.24547076	0.937759009
22479437	CVIRGINICANC	35783	12366208	12376209	823	12367031	78	0	1
22478290	CVIRGINICANC	35783	17046713	17056714	1846	17048559	21	0	1
22478000	CVIRGINICANC	35783	22121129	22131130	1172	22122301	103	1.06831111	0.510264765
22476633	CVIRGINICANC	35783	27043620	27053621	6699	27050319	26	0.44353951	0.810506786
22475843	CVIRGINICANC	35783	29479527	29489528	5573	29485100	30	1.01875827	0.510264765
22475843	CVIRGINICANC	35783	29479527	29489528	4016	29483543	31	0	1
22475843	CVIRGINICANC	35783	29479527	29489528	6462	29485989	71	0.46748753	0.799140949
22477222	CVIRGINICANC	35783	38620287	38630288	4250	38624537	33	0.55745709	0.734071306
22477222	CVIRGINICANC	35783	38620287	38630288	5756	38626043	28	0	1
22481694	CVIRGINICANC	35784	2080421	2090422	3640	2084061	37	0.09836233	1
22430393	CVIRGINICANC	35784	6221600	6231601	1441	6223041	57	0	1
22490241	CVIRGINICANC	35784	7167403	7177404	7159	7174562	52	1.43409318	0.375410998
22482159	CVIRGINICANC	35784	21967692	21977693	5210	21972902	42	0.61758944	0.734071306
22482159	CVIRGINICANC	35784	21967692	21977693	2753	21970445	75	0.72736226	0.704100249
22486585	CVIRGINICANC	35784	24567517	24577518	7061	24574578	47	0	1
22430468	CVIRGINICANC	35784	25158680	25168681	1660	25160340	31	0.37742947	0.898373959
22430406	CVIRGINICANC	35784	56923836	56933837	4554	56928390	30	0.29013593	0.924938528
22480648	CVIRGINICANC	35784	69825388	69835389	515	69825903	66	0.62002906	0.734071306
22480648	CVIRGINICANC	35784	69825388	69835389	6186	69831574	53	4.85453125	0.002851668
22480765	CVIRGINICANC	35784	72252700	72262701	1856	72254556	21	0.14753259	1
22480765	CVIRGINICANC	35784	72252700	72262701	5905	72258605	117	0.07487083	1
22489065	CVIRGINICANC	35784	75923609	75933610	7319	75930928	120	1.19235765	0.48518655
22489065	CVIRGINICANC	35784	75923609	75933610	555	75924164	58	0.44183212	0.810506786
22489168	CVIRGINICANC	35784	85337878	85347879	1186	85339064	48	0.45208694	0.810506786
22486922	CVIRGINICANC	35784	96608075	96618076	2753	96610828	26	0.59717989	0.734071306
22431981	CVIRGINICANC	35785	3206384	3216385	3880	3210264	44	0.51824341	0.736389303
22431296	CVIRGINICANC	35785	8384398	8394399	4859	8389257	22	0	1
22431296	CVIRGINICANC	35785	8384398	8394399	4950	8389348	30	1.17278385	0.489427408
22431296	CVIRGINICANC	35785	8384398	8394399	4712	8389110	30	0.20693315	0.951200936
22430888	CVIRGINICANC	35785	14129802	14139803	4525	14134327	55	0.17337953	0.991679992
22430888	CVIRGINICANC	35785	14129802	14139803	4741	14134543	56	1.31914082	0.464972739
22430888	CVIRGINICANC	35785	14129802	14139803	5568	14135370	54	0.3248557	0.924207522
22432300	CVIRGINICANC	35785	15028989	15038990	4798	15033787	41	0	1
22431904	CVIRGINICANC	35785	21044564	21054565	1526	21046090	33	0.2277433	0.937759009
22434694	CVIRGINICANC	35785	23852095	23862096	3190	23855285	79	0.55569883	0.734071306
22434694	CVIRGINICANC	35785	23852095	23862096	3649	23855744	69	0.27294208	0.924938528
22434694	CVIRGINICANC	35785	23852095	23862096	3762	23855857	48	0.12317982	1
22434694	CVIRGINICANC	35785	23852095	23862096	3307	23855402	108	1.28242806	0.464972739
22430824	CVIRGINICANC	35785	42584114	42594115	6517	42590631	91	0.07878837	1
22434541	CVIRGINICANC	35785	43680163	43690164	1612	43681775	71	0.44285495	0.810506786
22436855	CVIRGINICANC	35786	8844291	8854292	1474	8845765	58	0.18031235	0.983098991
22436855	CVIRGINICANC	35786	8844291	8854292	6183	8850474	98	0.27163529	0.924938528
22436855	CVIRGINICANC	35786	8844291	8854292	6669	8850960	66	1.06662699	0.510264765
22436694	CVIRGINICANC	35786	31749933	31759934	76	31750009	59	0.47280169	0.798601325
22439003	CVIRGINICANC	35786	37047098	37057099	944	37048042	43	0	1
22439003	CVIRGINICANC	35786	37047098	37057099	4336	37051434	68	0.84210501	0.585753715
22436563	CVIRGINICANC	35786	46228131	46238132	5233	46233364	49	0.13387341	1
22436563	CVIRGINICANC	35786	46228131	46238132	4400	46232531	75	1.01076998	0.510264765
22436563	CVIRGINICANC	35786	46228131	46238132	5341	46233472	55	0.22615638	0.937759009
22436563	CVIRGINICANC	35786	46228131	46238132	5361	46233492	63	0.06479011	1
22436563	CVIRGINICANC	35786	46228131	46238132	1508	46229639	68	0	1
22443787	CVIRGINICANC	35787	671194	681195	3634	674828	73	1.25938255	0.46777432
22446194	CVIRGINICANC	35787	7281790	7291791	2582	7284372	21	1.053846	0.510264765
22445527	CVIRGINICANC	35787	17387790	17397791	1595	17389385	42	1.07686885	0.510264765
22444711	CVIRGINICANC	35787	18156278	18166279	5771	18162049	28	2.6791194	0.112058258
22443320	CVIRGINICANC	35787	21026380	21036381	6189	21032569	24	0.11436965	1
22443320	CVIRGINICANC	35787	21026380	21036381	7613	21033993	56	0.69527826	0.721900017
22443320	CVIRGINICANC	35787	21026380	21036381	6008	21032388	46	0.98710147	0.525374157
22443320	CVIRGINICANC	35787	21026380	21036381	6176	21032556	28	0	1
