Gene	Name	CHR	Gene_Pos_start	Gene_Pos_end	SNP	SNP_Pos	Cov	pvalue	padj
22449286	CVIRGINICANC	35780	3397988	3407989	349	3398337	82	0.63328151	0.664906641
22449286	CVIRGINICANC	35780	3397988	3407989	538	3398526	144	0.18125017	0.983011666
22452549	CVIRGINICANC	35780	8088369	8098370	1979	8090348	31	0.09462785	0.983011666
22452549	CVIRGINICANC	35780	8088369	8098370	2459	8090828	95	2.23483948	0.07173104
22452549	CVIRGINICANC	35780	8088369	8098370	1069	8089438	78	0.65675066	0.649278173
22440622	CVIRGINICANC	35780	17774204	17784205	7476	17781680	33	2.0707442	0.085282776
22474586	CVIRGINICANC	35780	24817029	24827030	1562	24818591	115	0.38442172	0.880529377
22474586	CVIRGINICANC	35780	24817029	24827030	2366	24819395	149	0.11793096	0.983011666
22474586	CVIRGINICANC	35780	24817029	24827030	2367	24819396	150	0.24797915	0.983011666
22474586	CVIRGINICANC	35780	24817029	24827030	2544	24819573	122	1.41988666	0.257645546
22474586	CVIRGINICANC	35780	24817029	24827030	3780	24820809	198	1.44670022	0.248430243
22474586	CVIRGINICANC	35780	24817029	24827030	3798	24820827	110	2.09264395	0.084207736
22484654	CVIRGINICANC	35780	27742622	27752623	6832	27749454	70	0.14615939	0.983011666
22484654	CVIRGINICANC	35780	27742622	27752623	971	27743593	128	2.71570249	0.030677353
22452319	CVIRGINICANC	35780	29419435	29429436	6777	29426212	24	0.36246704	0.88440382
22452319	CVIRGINICANC	35780	29419435	29429436	8360	29427795	32	0.25248839	0.983011666
22437155	CVIRGINICANC	35780	30875591	30885592	1776	30877367	155	2.91060901	0.026492015
22437155	CVIRGINICANC	35780	30875591	30885592	2800	30878391	103	0.1281609	0.983011666
22437155	CVIRGINICANC	35780	30875591	30885592	2838	30878429	114	0.07043658	1
22438566	CVIRGINICANC	35780	31451787	31461788	6109	31457896	151	0.70333849	0.643495842
22438566	CVIRGINICANC	35780	31451787	31461788	542	31452329	55	1.06672989	0.449130503
22438566	CVIRGINICANC	35780	31451787	31461788	659	31452446	143	0.11093346	0.983011666
22438566	CVIRGINICANC	35780	31451787	31461788	1223	31453010	56	5.59539381	0.000229326
22438566	CVIRGINICANC	35780	31451787	31461788	1578	31453365	37	0.26121941	0.977026387
22438566	CVIRGINICANC	35780	31451787	31461788	1894	31453681	110	0.1511512	0.983011666
22438566	CVIRGINICANC	35780	31451787	31461788	2796	31454583	147	0	1
22438566	CVIRGINICANC	35780	31451787	31461788	3569	31455356	154	1.08603442	0.449130503
22438566	CVIRGINICANC	35780	31451787	31461788	3641	31455428	154	0.65892411	0.649278173
22438566	CVIRGINICANC	35780	31451787	31461788	3652	31455439	149	0.31494931	0.930681044
22438566	CVIRGINICANC	35780	31451787	31461788	6736	31458523	156	0.61719676	0.664906641
22438566	CVIRGINICANC	35780	31451787	31461788	7114	31458901	44	0.22847391	0.983011666
22488834	CVIRGINICANC	35780	36225848	36235849	2101	36227949	42	0.44493696	0.856745911
22443236	CVIRGINICANC	35780	47923901	47933902	5787	47929688	159	1.05632087	0.449130503
22443236	CVIRGINICANC	35780	47923901	47933902	5795	47929696	156	2.59077297	0.034766929
22443236	CVIRGINICANC	35780	47923901	47933902	6460	47930361	162	0.34769529	0.901447072
22443236	CVIRGINICANC	35780	47923901	47933902	8622	47932523	49	0.08982185	0.983011666
22443236	CVIRGINICANC	35780	47923901	47933902	8624	47932525	50	0.15184033	0.983011666
22483029	CVIRGINICANC	35780	63553588	63563589	6531	63560119	51	0.1673199	0.983011666
22457562	CVIRGINICANC	35781	8426234	8436235	266	8426500	100	0.09125484	0.983011666
22459209	CVIRGINICANC	35781	39505769	39515770	5991	39511760	32	2.89591094	0.026492015
22463458	CVIRGINICANC	35781	60555776	60565777	6618	60562394	168	7.3433357	6.15E-06
22470155	CVIRGINICANC	35782	12730301	12740302	7190	12737491	43	1.4632311	0.245445229
22467005	CVIRGINICANC	35782	25511603	25521604	4788	25516391	64	0.45128211	0.855990921
22472777	CVIRGINICANC	35782	38093174	38103175	6794	38099968	24	0.61116089	0.664906641
22472777	CVIRGINICANC	35782	38093174	38103175	6872	38100046	39	0	1
22466570	CVIRGINICANC	35782	49809887	49819888	2280	49812167	121	0.41378131	0.880529377
22466570	CVIRGINICANC	35782	49809887	49819888	3035	49812922	48	1.56903115	0.210910765
22475409	CVIRGINICANC	35783	280607	290608	4126	284733	79	2.1037913	0.084207736
22475409	CVIRGINICANC	35783	280607	290608	7052	287659	143	0	1
22475409	CVIRGINICANC	35783	280607	290608	5895	286502	51	0.48035265	0.815124517
22475409	CVIRGINICANC	35783	280607	290608	5896	286503	54	1.56751604	0.210910765
22476633	CVIRGINICANC	35783	27043620	27053621	6704	27050324	32	0.13141776	0.983011666
22477222	CVIRGINICANC	35783	38620287	38630288	2591	38622878	111	2.84854426	0.027434497
22477222	CVIRGINICANC	35783	38620287	38630288	2392	38622679	110	0.21524802	0.983011666
22477222	CVIRGINICANC	35783	38620287	38630288	2493	38622780	117	0	1
22477222	CVIRGINICANC	35783	38620287	38630288	2520	38622807	115	0.17397137	0.983011666
22430393	CVIRGINICANC	35784	6221600	6231601	463	6222063	68	0.86429933	0.570286662
22480006	CVIRGINICANC	35784	16464120	16474121	84	16464204	154	8.45820779	9.44E-07
22486585	CVIRGINICANC	35784	24567517	24577518	6941	24574458	48	4.02790203	0.005082733
22480765	CVIRGINICANC	35784	72252700	72262701	7059	72259759	71	0.72711456	0.632386313
22431981	CVIRGINICANC	35785	3206384	3216385	2026	3208410	158	0.645959	0.658456884
22434694	CVIRGINICANC	35785	23852095	23862096	7382	23859477	118	4.27712139	0.003579216
22436272	CVIRGINICANC	35786	2664454	2674455	6636	2671090	54	0.20028137	0.983011666
22436855	CVIRGINICANC	35786	8844291	8854292	5079	8849370	182	2.04382538	0.087495533
22439749	CVIRGINICANC	35786	29139118	29149119	4294	29143412	139	0	1
22439003	CVIRGINICANC	35786	37047098	37057099	4179	37051277	54	0.15207845	0.983011666
22439003	CVIRGINICANC	35786	37047098	37057099	4199	37051297	72	0	1
22439003	CVIRGINICANC	35786	37047098	37057099	4332	37051430	28	0.37394437	0.881027145
22436490	CVIRGINICANC	35786	39012421	39022422	4810	39017231	79	0.66678556	0.648546652
22436490	CVIRGINICANC	35786	39012421	39022422	5558	39017979	42	0	1
22436553	CVIRGINICANC	35786	39691593	39701594	3385	39694978	136	0.2315315	0.983011666
22436563	CVIRGINICANC	35786	46228131	46238132	3730	46231861	102	2.405088	0.05077641
22443787	CVIRGINICANC	35787	671194	681195	3366	674560	123	0.77851147	0.598977886
22446194	CVIRGINICANC	35787	7281790	7291791	2952	7284742	79	0.07857076	0.991890393
22441408	CVIRGINICANC	35787	7989833	7999834	399	7990232	31	1.21956821	0.355339305
22446487	CVIRGINICANC	35787	29542105	29552106	4815	29546920	125	0	1
22446487	CVIRGINICANC	35787	29542105	29552106	5371	29547476	92	1.06038375	0.449130503
22447067	CVIRGINICANC	35787	52042449	52052450	1315	52043764	45	0.52397762	0.750875468
22447067	CVIRGINICANC	35787	52042449	52052450	3110	52045559	58	3.28924208	0.021271732
22440183	CVIRGINICANC	35787	69710395	69720396	3185	69713580	172	0.79112242	0.598977886
22440183	CVIRGINICANC	35787	69710395	69720396	1121	69711516	47	0.15864397	0.983011666
22454361	CVIRGINICANC	35788	12099418	12109419	5099	12104517	79	0.77474491	0.598977886
22454252	CVIRGINICANC	35788	14941063	14951064	7367	14948430	53	0	1
22454898	CVIRGINICANC	35788	16682864	16692865	5714	16688578	39	0.36740607	0.881027145
22454898	CVIRGINICANC	35788	16682864	16692865	9170	16692034	105	0.3791667	0.881027145
22452045	CVIRGINICANC	35788	33862774	33872775	7271	33870045	40	2.68811365	0.030873306
22452045	CVIRGINICANC	35788	33862774	33872775	1009	33863783	156	0.52465811	0.750875468
22456689	CVIRGINICANC	35789	8195106	8205107	5246	8200352	59	0.53012456	0.750875468
22456689	CVIRGINICANC	35789	8195106	8205107	5278	8200384	84	0	1
22456387	CVIRGINICANC	35789	23377468	23387469	3465	23380933	106	2.72868384	0.030677353
22456387	CVIRGINICANC	35789	23377468	23387469	1711	23379179	78	0.35193499	0.899351581
22431333	CVIRGINICANC	35780	2834337	2844338	344	2834681	25	0.10828804	0.983011666
22449286	CVIRGINICANC	35780	3397988	3407989	501	3398489	21	0.10584463	0.983011666
22449286	CVIRGINICANC	35780	3397988	3407989	507	3398495	21	0.3919467	0.880529377
22449286	CVIRGINICANC	35780	3397988	3407989	538	3398526	20	2.91590501	0.026492015
22449286	CVIRGINICANC	35780	3397988	3407989	2120	3400108	30	0.30285301	0.937068068
22449286	CVIRGINICANC	35780	3397988	3407989	2174	3400162	123	0.26606606	0.972582125
22452549	CVIRGINICANC	35780	8088369	8098370	1979	8090348	38	1.27618379	0.326086504
22452549	CVIRGINICANC	35780	8088369	8098370	2008	8090377	39	0.11000855	0.983011666
22452549	CVIRGINICANC	35780	8088369	8098370	2459	8090828	21	1.78003264	0.145069113
22452549	CVIRGINICANC	35780	8088369	8098370	2523	8090892	150	0	1
22452549	CVIRGINICANC	35780	8088369	8098370	2524	8090893	163	0.0900647	0.983011666
22452549	CVIRGINICANC	35780	8088369	8098370	2525	8090894	174	0.04106565	1
22452549	CVIRGINICANC	35780	8088369	8098370	3947	8092316	50	0.29443976	0.948771277
22452549	CVIRGINICANC	35780	8088369	8098370	4262	8092631	102	0.06003532	1
22452549	CVIRGINICANC	35780	8088369	8098370	4423	8092792	100	0.18677732	0.983011666
22452549	CVIRGINICANC	35780	8088369	8098370	4498	8092867	36	0.61212295	0.664906641
22452549	CVIRGINICANC	35780	8088369	8098370	5084	8093453	20	0.12993383	0.983011666
22452549	CVIRGINICANC	35780	8088369	8098370	5645	8094014	37	0.88811432	0.556563115
22452549	CVIRGINICANC	35780	8088369	8098370	6791	8095160	56	1.10293201	0.449130503
22440622	CVIRGINICANC	35780	17774204	17784205	7420	17781624	70	0.07891383	0.991890393
22440622	CVIRGINICANC	35780	17774204	17784205	7476	17781680	33	0	1
22440622	CVIRGINICANC	35780	17774204	17784205	9091	17783295	31	0.80197603	0.598977886
22440622	CVIRGINICANC	35780	17774204	17784205	9092	17783296	34	0.10378702	0.983011666
22477215	CVIRGINICANC	35780	23897836	23907837	6893	23904729	105	0.46761816	0.83181769
22477215	CVIRGINICANC	35780	23897836	23907837	7094	23904930	143	0	1
22474586	CVIRGINICANC	35780	24817029	24827030	388	24817417	91	0.39910448	0.880529377
22474586	CVIRGINICANC	35780	24817029	24827030	440	24817469	99	0.6897258	0.643791205
22474586	CVIRGINICANC	35780	24817029	24827030	524	24817553	38	0	1
22474586	CVIRGINICANC	35780	24817029	24827030	1557	24818586	30	0.22884357	0.983011666
22474586	CVIRGINICANC	35780	24817029	24827030	1562	24818591	34	0	1
22474586	CVIRGINICANC	35780	24817029	24827030	2036	24819065	85	1.69041799	0.172743344
22474586	CVIRGINICANC	35780	24817029	24827030	2089	24819118	77	0.67187752	0.648189161
22474586	CVIRGINICANC	35780	24817029	24827030	2366	24819395	56	0	1
22474586	CVIRGINICANC	35780	24817029	24827030	2367	24819396	55	0	1
22474586	CVIRGINICANC	35780	24817029	24827030	2544	24819573	44	0.33046421	0.904434344
22474586	CVIRGINICANC	35780	24817029	24827030	3110	24820139	68	0.07258134	1
22474586	CVIRGINICANC	35780	24817029	24827030	3493	24820522	49	0.99792182	0.495090715
22474586	CVIRGINICANC	35780	24817029	24827030	3780	24820809	118	0	1
22474586	CVIRGINICANC	35780	24817029	24827030	3798	24820827	81	0.73441503	0.632305806
22484654	CVIRGINICANC	35780	27742622	27752623	6698	27749320	20	0	1
22484654	CVIRGINICANC	35780	27742622	27752623	855	27743477	23	1.07720223	0.449130503
22484654	CVIRGINICANC	35780	27742622	27752623	965	27743587	27	0.2249778	0.983011666
22484654	CVIRGINICANC	35780	27742622	27752623	971	27743593	29	0.10722231	0.983011666
22484654	CVIRGINICANC	35780	27742622	27752623	1313	27743935	23	1.37272166	0.273525827
22484654	CVIRGINICANC	35780	27742622	27752623	3110	27745732	22	0.11583687	0.983011666
22484654	CVIRGINICANC	35780	27742622	27752623	3407	27746029	29	3.10516643	0.021271732
22484654	CVIRGINICANC	35780	27742622	27752623	3484	27746106	32	0.10057627	0.983011666
22484654	CVIRGINICANC	35780	27742622	27752623	3489	27746111	33	0.20299495	0.983011666
22452319	CVIRGINICANC	35780	29419435	29429436	8279	29427714	24	1.08465613	0.449130503
22452319	CVIRGINICANC	35780	29419435	29429436	8360	29427795	46	0.62153303	0.664906641
22437155	CVIRGINICANC	35780	30875591	30885592	1761	30877352	45	0.09466284	0.983011666
22437155	CVIRGINICANC	35780	30875591	30885592	1776	30877367	49	0.08927858	0.983011666
22437155	CVIRGINICANC	35780	30875591	30885592	1827	30877418	42	0.39132085	0.880529377
22437155	CVIRGINICANC	35780	30875591	30885592	2505	30878096	41	0.77992757	0.598977886
22437155	CVIRGINICANC	35780	30875591	30885592	2800	30878391	124	1.37307928	0.273525827
22437155	CVIRGINICANC	35780	30875591	30885592	2805	30878396	132	2.21365821	0.072041583
22437155	CVIRGINICANC	35780	30875591	30885592	2838	30878429	155	0	1
22438566	CVIRGINICANC	35780	31451787	31461788	5282	31457069	95	0.42201713	0.87652902
22438566	CVIRGINICANC	35780	31451787	31461788	97	31451884	32	0.34044344	0.904434344
22438566	CVIRGINICANC	35780	31451787	31461788	114	31451901	33	0.10473744	0.983011666
22438566	CVIRGINICANC	35780	31451787	31461788	542	31452329	24	0	1
22438566	CVIRGINICANC	35780	31451787	31461788	659	31452446	30	0.53332346	0.750875468
22438566	CVIRGINICANC	35780	31451787	31461788	880	31452667	31	0.10681115	0.983011666
22438566	CVIRGINICANC	35780	31451787	31461788	1223	31453010	23	0.82504562	0.596231282
22438566	CVIRGINICANC	35780	31451787	31461788	1307	31453094	29	0.1020061	0.983011666
22438566	CVIRGINICANC	35780	31451787	31461788	1578	31453365	27	0.12062708	0.983011666
22438566	CVIRGINICANC	35780	31451787	31461788	1894	31453681	40	0.09619962	0.983011666
22438566	CVIRGINICANC	35780	31451787	31461788	1949	31453736	77	0.70014426	0.643495842
22438566	CVIRGINICANC	35780	31451787	31461788	2026	31453813	108	0	1
22438566	CVIRGINICANC	35780	31451787	31461788	2796	31454583	60	0.16645245	0.983011666
22438566	CVIRGINICANC	35780	31451787	31461788	3488	31455275	40	0	1
22438566	CVIRGINICANC	35780	31451787	31461788	3505	31455292	46	0.08630218	0.983011666
22438566	CVIRGINICANC	35780	31451787	31461788	3511	31455298	47	0.20250863	0.983011666
22438566	CVIRGINICANC	35780	31451787	31461788	3519	31455306	48	0	1
22438566	CVIRGINICANC	35780	31451787	31461788	3569	31455356	62	2.72426028	0.030677353
22438566	CVIRGINICANC	35780	31451787	31461788	3641	31455428	42	0.69145408	0.643791205
22438566	CVIRGINICANC	35780	31451787	31461788	3652	31455439	39	1.89629195	0.1155037
22438566	CVIRGINICANC	35780	31451787	31461788	3658	31455445	33	0.22796916	0.983011666
22438566	CVIRGINICANC	35780	31451787	31461788	5009	31456796	53	0.08749977	0.983011666
22438566	CVIRGINICANC	35780	31451787	31461788	6153	31457940	47	0	1
22438566	CVIRGINICANC	35780	31451787	31461788	6178	31457965	79	0.19261351	0.983011666
22438566	CVIRGINICANC	35780	31451787	31461788	6209	31457996	125	0.7862671	0.598977886
22438566	CVIRGINICANC	35780	31451787	31461788	6336	31458123	27	1.54066882	0.210910765
22438566	CVIRGINICANC	35780	31451787	31461788	6666	31458453	53	1.5504163	0.210910765
22438566	CVIRGINICANC	35780	31451787	31461788	6736	31458523	42	0.96847048	0.520368242
22438566	CVIRGINICANC	35780	31451787	31461788	6789	31458576	32	0.84180555	0.585531978
22438566	CVIRGINICANC	35780	31451787	31461788	6845	31458632	22	0.75242327	0.614400299
22438566	CVIRGINICANC	35780	31451787	31461788	6846	31458633	23	0.957295	0.524565151
22438566	CVIRGINICANC	35780	31451787	31461788	7110	31458897	26	0.2715768	0.970247141
22438566	CVIRGINICANC	35780	31451787	31461788	7114	31458901	25	0.11649235	0.983011666
22438566	CVIRGINICANC	35780	31451787	31461788	7115	31458902	25	0.1242579	0.983011666
22488834	CVIRGINICANC	35780	36225848	36235849	2101	36227949	123	0.61020862	0.664906641
22443236	CVIRGINICANC	35780	47923901	47933902	5420	47929321	41	0.18326997	0.983011666
22443236	CVIRGINICANC	35780	47923901	47933902	5643	47929544	32	0	1
22443236	CVIRGINICANC	35780	47923901	47933902	5686	47929587	28	0.26999566	0.970247141
22443236	CVIRGINICANC	35780	47923901	47933902	5722	47929623	23	0.30283566	0.937068068
22443236	CVIRGINICANC	35780	47923901	47933902	5725	47929626	21	0.14153528	0.983011666
22443236	CVIRGINICANC	35780	47923901	47933902	5735	47929636	25	0.28894851	0.954262648
22443236	CVIRGINICANC	35780	47923901	47933902	5787	47929688	26	0	1
22443236	CVIRGINICANC	35780	47923901	47933902	5795	47929696	27	0.36977406	0.881027145
22443236	CVIRGINICANC	35780	47923901	47933902	6012	47929913	126	0.79249708	0.598977886
22443236	CVIRGINICANC	35780	47923901	47933902	6460	47930361	83	0.67702772	0.648189161
22443236	CVIRGINICANC	35780	47923901	47933902	8622	47932523	25	0.90941584	0.556563115
22443236	CVIRGINICANC	35780	47923901	47933902	8624	47932525	22	0.28055837	0.966259076
22483345	CVIRGINICANC	35780	58669838	58679839	600	58670438	39	0.22608054	0.983011666
22483345	CVIRGINICANC	35780	58669838	58679839	736	58670574	22	0.89066993	0.556563115
22483345	CVIRGINICANC	35780	58669838	58679839	881	58670719	20	0.13666301	0.983011666
22483345	CVIRGINICANC	35780	58669838	58679839	1068	58670906	41	0.18609878	0.983011666
22483345	CVIRGINICANC	35780	58669838	58679839	1094	58670932	22	0	1
22483345	CVIRGINICANC	35780	58669838	58679839	1935	58671773	31	0	1
22483345	CVIRGINICANC	35780	58669838	58679839	1950	58671788	44	0.08967254	0.983011666
22483345	CVIRGINICANC	35780	58669838	58679839	1955	58671793	49	0	1
22483345	CVIRGINICANC	35780	58669838	58679839	1997	58671835	50	0.17555937	0.983011666
22483345	CVIRGINICANC	35780	58669838	58679839	2011	58671849	61	0.1855131	0.983011666
22483345	CVIRGINICANC	35780	58669838	58679839	2016	58671854	60	0.18754393	0.983011666
22483345	CVIRGINICANC	35780	58669838	58679839	2062	58671900	35	1.31691939	0.303795576
22483345	CVIRGINICANC	35780	58669838	58679839	2185	58672023	20	0.31026756	0.934143049
22483345	CVIRGINICANC	35780	58669838	58679839	2671	58672509	25	0.38998048	0.880529377
22483345	CVIRGINICANC	35780	58669838	58679839	2711	58672549	32	2.62715049	0.033656209
22483345	CVIRGINICANC	35780	58669838	58679839	2712	58672550	29	1.89325214	0.1155037
22483345	CVIRGINICANC	35780	58669838	58679839	2780	58672618	32	0	1
22483345	CVIRGINICANC	35780	58669838	58679839	2883	58672721	26	0.12130628	0.983011666
22483345	CVIRGINICANC	35780	58669838	58679839	2984	58672822	35	0.51407689	0.761142378
22483345	CVIRGINICANC	35780	58669838	58679839	3030	58672868	47	0	1
22483345	CVIRGINICANC	35780	58669838	58679839	3098	58672936	35	0.09400091	0.983011666
22483345	CVIRGINICANC	35780	58669838	58679839	3100	58672938	36	0.33451552	0.904434344
22457562	CVIRGINICANC	35781	8426234	8436235	245	8426479	25	0.12293668	0.983011666
22457562	CVIRGINICANC	35781	8426234	8436235	266	8426500	22	0	1
22457562	CVIRGINICANC	35781	8426234	8436235	399	8426633	51	0.43169222	0.864607666
22457562	CVIRGINICANC	35781	8426234	8436235	424	8426658	74	1.25371904	0.335766789
22457562	CVIRGINICANC	35781	8426234	8436235	428	8426662	76	0.86396272	0.570286662
22457562	CVIRGINICANC	35781	8426234	8436235	460	8426694	89	2.15356042	0.079286205
22463458	CVIRGINICANC	35781	60555776	60565777	6618	60562394	27	0.11532341	0.983011666
22463458	CVIRGINICANC	35781	60555776	60565777	1010	60556786	58	0.23732012	0.983011666
22465298	CVIRGINICANC	35782	6255698	6265699	5651	6261349	79	0.13112498	0.983011666
22465298	CVIRGINICANC	35782	6255698	6265699	1746	6257444	48	0.40576994	0.880529377
22470155	CVIRGINICANC	35782	12730301	12740302	5588	12735889	47	0.61862906	0.664906641
22464888	CVIRGINICANC	35782	71307278	71317279	6401	71313679	28	0	1
22475409	CVIRGINICANC	35783	280607	290608	7052	287659	21	0.54122587	0.749393776
22475409	CVIRGINICANC	35783	280607	290608	6055	286662	86	0.19448079	0.983011666
22473041	CVIRGINICANC	35783	10892860	10902861	3278	10896138	81	0.11903477	0.983011666
22479437	CVIRGINICANC	35783	12366208	12376209	6149	12372357	69	0.27629981	0.969187414
22477222	CVIRGINICANC	35783	38620287	38630288	2591	38622878	34	1.55500561	0.210910765
22477222	CVIRGINICANC	35783	38620287	38630288	2520	38622807	29	0.38465416	0.880529377
22473945	CVIRGINICANC	35783	58507564	58517565	5543	58513107	28	0	1
22473945	CVIRGINICANC	35783	58507564	58517565	5597	58513161	40	0.76540388	0.604052499
22481694	CVIRGINICANC	35784	2080421	2090422	6405	2086826	32	0.78600929	0.598977886
22430393	CVIRGINICANC	35784	6221600	6231601	463	6222063	44	0.33258837	0.904434344
22487821	CVIRGINICANC	35784	6560220	6570221	3721	6563941	120	0.67238425	0.648189161
22480006	CVIRGINICANC	35784	16464120	16474121	2235	16466355	107	0.16702049	0.983011666
22486585	CVIRGINICANC	35784	24567517	24577518	6941	24574458	58	0.5483226	0.744405316
22486637	CVIRGINICANC	35784	35347818	35357819	2548	35350366	117	0.60019161	0.667953514
22430406	CVIRGINICANC	35784	56923836	56933837	1309	56925145	22	0	1
22487619	CVIRGINICANC	35784	62906375	62916376	5902	62912277	164	3.18792004	0.021271732
22480765	CVIRGINICANC	35784	72252700	72262701	5676	72258376	35	0.14032075	0.983011666
22431904	CVIRGINICANC	35785	21044564	21054565	4127	21048691	33	0.44156219	0.856745911
22434109	CVIRGINICANC	35785	34365229	34375230	4115	34369344	35	0.17244101	0.983011666
22434054	CVIRGINICANC	35785	34376044	34386045	1156	34377200	84	0.89027318	0.556563115
22436272	CVIRGINICANC	35786	2664454	2674455	6636	2671090	128	3.23353175	0.021271732
22439003	CVIRGINICANC	35786	37047098	37057099	4199	37051297	110	0.71498468	0.637045949
22439003	CVIRGINICANC	35786	37047098	37057099	4332	37051430	58	0.37162326	0.881027145
22436490	CVIRGINICANC	35786	39012421	39022422	4810	39017231	54	0	1
22436553	CVIRGINICANC	35786	39691593	39701594	3385	39694978	64	0.25139912	0.983011666
22436563	CVIRGINICANC	35786	46228131	46238132	5615	46233746	24	0.41200621	0.880529377
22443787	CVIRGINICANC	35787	671194	681195	3366	674560	20	0.59962288	0.667953514
22446194	CVIRGINICANC	35787	7281790	7291791	2952	7284742	20	0	1
22446487	CVIRGINICANC	35787	29542105	29552106	2263	29544368	30	0.14164694	0.983011666
22446487	CVIRGINICANC	35787	29542105	29552106	4700	29546805	59	0.43941941	0.856745911
22446487	CVIRGINICANC	35787	29542105	29552106	5425	29547530	102	1.04288112	0.454668023
22442587	CVIRGINICANC	35787	43806628	43816629	2635	43809263	185	0.94050274	0.535844228
22449029	CVIRGINICANC	35788	18525440	18535441	5853	18531293	79	0.3944795	0.880529377
22451937	CVIRGINICANC	35788	24598579	24608580	4064	24602643	94	0	1
22452045	CVIRGINICANC	35788	33862774	33872775	5977	33868751	53	0.23884817	0.983011666
22452045	CVIRGINICANC	35788	33862774	33872775	1009	33863783	64	3.14025308	0.021271732
22448581	CVIRGINICANC	35788	52327885	52337886	4801	52332686	44	0.72350181	0.632386313
22448581	CVIRGINICANC	35788	52327885	52337886	4939	52332824	70	0.09243689	0.983011666
22454561	CVIRGINICANC	35788	64949689	64959690	5970	64955659	167	0.90845781	0.556563115
22452419	CVIRGINICANC	35788	73442410	73452411	1640	73444050	66	0.83934387	0.585531978
22456272	CVIRGINICANC	35789	3175740	3185741	6889	3182629	22	0.11852161	0.983011666
22455316	CVIRGINICANC	35789	13684351	13694352	828	13685179	46	0.33442468	0.904434344
